03601
03803
03818
03222
03275
03602
03602
03809
03810
03810
03031
03216
03440
03217
03441
03811
03032
03218
03825
03812
03740
03110
03220
03442
03780
03785
03570
03574
03303
03304
03221
03833
03575
03222
03264
03222
03298
03872
03894
03033
03223
03285
03741
03034
03224
03598
03225
03813
03226
03814
03227
03815
03816
03226
03603
03813
03036
03443
03258
03817
03743
03592
03576
03576
03590
03301
03302
03303
03304
03305
03307
03229
03818
03745
03746
03773
03225
03226
03814
03227
03815
03816
03816
03598
03230
03819
03756
03037
03244
03038
03576
03576
03266
03820
03821
03822
03604
03444
03588
03046
03824
03861
03602
03231
03040
03041
03826
03241
03827
03605
03868
03445
03446
03830
03580
03785
03832
03832
03882
03233
03223
03266
03748
03749
03042
03234
03579
03750
03833
03835
03447
03043
03580
03235
03836
03044
03751
03247
03249
03237
03837
03837
03448
03838
03238
03045
03046
03839
03581
03752
03240
03753
03047
03840
03048
03241
03266
03582
03754
03249
03860
03860
03841
03842
03843
03842
03843
03844
03449
03755
03450
03812
03812
03765
03241
03242
03243
03244
03244
03451
03245
03049
03106
03229
03051
03845
03298
03299
03846
03452
03583
03847
03431
03435
03435
03833
03848
03246
03247
03246
03247
03584
03585
03785
03602
03756
03766
03824
03861
03605
03822
03251
03585
03052
03561
03252
03053
03307
03585
03768
03769
03082
03082
03823
03849
03875
03101
03102
03103
03104
03105
03106
03107
03108
03109
03110
03111
03455
03456
03048
03850
03253
03770
03054
03887
03588
03055
03851
03852
03852
03853
03771
03057
03254
03254
03255
03057
03589
03457
03060
03061
03062
03063
03064
03445
03457
03070
03854
03855
03256
03071
03257
03255
03272
03854
03856
03801
03805
03857
03773
03858
03859
03859
03305
03107
03860
03862
03774
03073
03590
03609
03813
03258
03860
03862
03774
03073
03259
03590
03260
03431
03609
03262
03276
03582
03583
03584
03582
03261
03290
03741
03777
03864
03076
03275
03303
03458
03779
03780
03102
03592
03263
03781
03865
03264
03801
03802
03803
03804
03805
03593
03077
03470
03461
03839
03866
03867
03868
03869
03431
03266
03870
03871
03079
03268
03269
03872
03873
03227
03874
03111
03458
03581
03875
03607
03819
03882
03827
03883
03878
03607
03813
03819
03882
03827
03272
03273
03883
03462
03284
03582
03576
03274
03457
03464
03884
03590
03885
03586
03445
03782
03275
03431
03221
03257
03278
03287
03446
03446
03886
03084
03223
03285
03276
03298
03299
03465
03816
03850
03853
03894
03595
03887
03603
03743
03773
03830
03872
03887
03608
03278
03279
03280
03215
03215
03281
03303
03246
03247
03282
03579
03810
03466
03466
03235
03784
03291
03890
03468
03468
03284
03597
03597
03469
03467
03598
03287
03287
03086
03470
03087
03244
03289
03579
03894
03896
03897
03293
03785
